Motor	Trial	Speed	Duration	Start Angle	End Angle	Angle Change
2	0	10	0.03	3426	439	1109
2	1	10	0.03	439	1126	687
2	2	10	0.03	1126	1725	599
2	3	10	0.03	1725	2356	631
2	4	10	0.03	2356	3124	768
2	5	10	0.03	3124	203	1175
2	6	10	0.03	203	891	688
2	7	10	0.03	891	1542	651
2	8	10	0.03	1542	2102	560
2	9	10	0.03	2102	2735	633
2	10	10	0.03	2734	3597	863
2	11	10	0.03	3597	541	1040
2	12	10	0.03	541	1120	579
2	13	10	0.03	1120	1717	597
2	14	10	0.03	1717	2334	617
2	15	10	0.03	2334	3151	817
2	16	10	0.03	3151	271	1216
2	17	10	0.03	271	934	663
2	18	10	0.03	934	1576	642
2	19	10	0.03	1576	2100	524
2	20	10	0.03	2100	2732	632
2	21	10	0.03	2732	3641	909
2	22	10	0.03	3641	537	992
2	23	10	0.03	537	537	0
2	24	10	0.03	537	1661	1124
2	25	10	0.03	1661	2285	624
2	26	10	0.03	2285	3057	772
2	27	10	0.03	3057	18	1057
2	28	10	0.03	18	879	861
2	29	10	0.03	879	1505	626
2	30	10	0.03	1505	2074	569
2	31	10	0.03	2074	2683	609
2	32	10	0.03	2683	3443	760
2	33	10	0.03	3443	376	1029
2	34	10	0.03	376	1070	694
2	35	10	0.03	1070	1623	553
2	36	10	0.03	1623	2239	616
2	37	10	0.03	2239	2902	663
2	38	10	0.03	2902	3809	907
2	39	10	0.03	3809	639	926
2	40	10	0.03	639	1183	544
2	41	10	0.03	1183	1772	589
2	42	10	0.03	1772	2377	605
2	43	10	0.03	2377	3083	706
2	44	10	0.03	3083	67	1080
2	45	10	0.03	67	837	770
2	46	10	0.03	837	1426	589
2	47	10	0.03	1426	1972	546
2	48	10	0.03	1972	2609	637
2	49	10	0.03	2609	3417	808
2	50	10	0.03	3417	471	1150
2	51	10	0.03	471	1150	679
2	52	10	0.03	1150	1743	593
2	53	10	0.03	1743	2360	617
2	54	10	0.03	2360	3132	772
2	55	10	0.03	3132	201	1165
2	56	10	0.03	201	890	689
2	57	10	0.03	890	1529	639
2	58	10	0.03	1529	2065	536
2	59	10	0.03	2065	2622	557
2	60	10	0.03	2622	3380	758
2	61	10	0.03	3380	384	1100
2	62	10	0.03	384	1116	732
2	63	10	0.03	1116	1680	564
2	64	10	0.03	1680	2280	600
2	65	10	0.03	2280	3067	787
2	66	10	0.03	3067	99	1128
2	67	10	0.03	99	860	761
2	68	10	0.03	860	1527	667
2	69	10	0.03	1527	2058	531
2	70	10	0.03	2058	2655	597
2	71	10	0.03	2655	3317	662
2	72	10	0.03	3317	332	1111
2	73	10	0.03	332	1070	738
2	74	10	0.03	1071	1574	503
2	75	10	0.03	1574	2112	538
2	76	10	0.03	2112	2728	616
2	77	10	0.03	2729	3616	887
2	78	10	0.03	3616	472	952
2	79	10	0.03	472	1141	669
2	80	10	0.03	1141	1712	571
2	81	10	0.03	1712	2369	657
2	82	10	0.03	2369	3080	711
2	83	10	0.03	3080	57	1073
2	84	10	0.03	57	794	737
2	85	10	0.03	794	794	0
2	86	10	0.03	794	1897	1103
2	87	10	0.03	1897	2449	552
2	88	10	0.03	2449	3071	622
2	89	10	0.03	3071	40	1065
2	90	10	0.03	40	40	0
2	91	10	0.03	40	1374	1334
2	92	10	0.03	1374	1906	532
2	93	10	0.03	1906	2523	617
2	94	10	0.03	2523	3166	643
2	95	10	0.03	3166	198	1128
2	96	10	0.03	197	842	645
2	97	10	0.03	842	1362	520
2	98	10	0.03	1362	1909	547
2	99	10	0.03	1909	2497	588
2	100	10	0.03	2497	3257	760
2	101	10	0.03	3257	248	1087
2	102	10	0.03	248	919	671
2	103	10	0.03	919	1524	605
2	104	10	0.03	1524	2067	543
2	105	10	0.03	2067	2667	600
2	106	10	0.03	2667	3510	843
2	107	10	0.03	3510	383	969
2	108	10	0.03	383	1019	636
2	109	10	0.03	1019	1520	501
2	110	10	0.03	1520	2057	537
2	111	10	0.03	2056	2582	526
2	112	10	0.03	2582	3315	733
2	113	10	0.03	3315	303	1084
2	114	10	0.03	303	1019	716
2	115	10	0.03	1019	1583	564
2	116	10	0.03	1583	2093	510
2	117	10	0.03	2093	2689	596
2	118	10	0.03	2689	3499	810
2	119	10	0.03	3499	381	978
2	120	10	0.03	381	1060	679
2	121	10	0.03	1060	1552	492
2	122	10	0.03	1553	2099	546
2	123	10	0.03	2099	2678	579
2	124	10	0.03	2678	3481	803
2	125	10	0.03	3481	371	986
2	126	10	0.03	371	1075	704
2	127	10	0.03	1075	1574	499
2	128	10	0.03	1574	2091	517
2	129	10	0.03	2091	2691	600
2	130	10	0.03	2691	3484	793
2	131	10	0.03	3484	395	1007
2	132	10	0.03	395	1091	696
2	133	10	0.03	1091	1674	583
2	134	10	0.03	1674	2260	586
2	135	10	0.03	2260	2938	678
2	136	10	0.03	2938	3919	981
2	137	10	0.03	3919	726	903
2	138	10	0.03	726	1210	484
2	139	10	0.03	1210	1712	502
2	140	10	0.03	1712	2332	620
2	141	10	0.03	2332	3124	792
2	142	10	0.03	3124	183	1155
2	143	10	0.03	183	183	0
2	144	10	0.03	183	1497	1314
2	145	10	0.03	1497	2013	516
2	146	10	0.03	2013	2617	604
2	147	10	0.03	2617	3322	705
2	148	10	0.03	3321	341	1116
2	149	10	0.03	340	340	0
2	150	10	0.03	340	1598	1258
2	151	10	0.03	1598	2205	607
2	152	10	0.03	2205	2845	640
2	153	10	0.03	2845	3774	929
2	154	10	0.03	3774	670	992
2	155	10	0.03	670	1196	526
2	156	10	0.03	1196	1758	562
2	157	10	0.03	1758	2324	566
2	158	10	0.03	2324	3039	715
2	159	10	0.03	3039	65	1122
2	160	10	0.03	65	835	770
2	161	10	0.03	836	1472	636
2	162	10	0.03	1472	1950	478
2	163	10	0.03	1950	2516	566
2	164	10	0.03	2516	3212	696
2	165	10	0.03	3212	260	1144
2	166	10	0.03	260	997	737
2	167	10	0.03	997	1551	554
2	168	10	0.03	1551	2082	531
2	169	10	0.03	2082	2668	586
2	170	10	0.03	2669	3291	622
2	171	10	0.03	3291	414	1219
2	172	10	0.03	414	1082	668
2	173	10	0.03	1082	1646	564
2	174	10	0.03	1646	2172	526
2	175	10	0.03	2172	2777	605
2	176	10	0.03	2777	3710	933
2	177	10	0.03	3710	624	1010
2	178	10	0.03	625	1192	567
2	179	10	0.03	1192	1721	529
2	180	10	0.03	1721	2271	550
2	181	10	0.03	2271	2993	722
2	182	10	0.03	2993	4040	1047
2	183	10	0.03	4040	796	852
2	184	10	0.03	796	1353	557
2	185	10	0.03	1353	1930	577
2	186	10	0.03	1929	1930	1
2	187	10	0.03	1930	3223	1293
2	188	10	0.03	3223	277	1150
2	189	10	0.03	277	961	684
2	190	10	0.03	961	1561	600
2	191	10	0.03	1561	2096	535
2	192	10	0.03	2096	2678	582
2	193	10	0.03	2678	3452	774
2	194	10	0.03	3452	465	1109
2	195	10	0.03	465	1095	630
2	196	10	0.03	1095	1642	547
2	197	10	0.03	1642	2191	549
2	198	10	0.03	2191	2838	647
2	199	10	0.03	2838	3816	978
