2,0,4,0.03,2224,2288,64,12.5,
2,1,4,0.03,2288,2360,72,12.5,
2,2,4,0.03,2360,2451,91,12.5,
2,3,4,0.03,2451,2528,77,12.5,
2,4,4,0.03,2543,2597,54,12.5,
2,5,4,0.03,2597,2665,68,12.5,
2,6,4,0.03,2665,2716,51,12.5,
2,7,4,0.03,2716,2808,92,12.5,
2,8,4,0.03,2808,2885,77,12.5,
2,9,4,0.03,2886,2973,87,12.5,
2,10,4,0.03,2973,3059,86,12.5,
2,13,4,0.03,3270,3396,126,12.5,
2,14,4,0.03,3396,3522,126,12.5,
2,15,4,0.03,3522,3646,124,12.5,
2,16,4,0.03,3646,3753,107,12.5,
2,17,4,0.03,3753,3883,130,12.5,
2,18,4,0.03,3883,3991,108,12.5,
2,19,4,0.03,3991,4095,104,12.5,
2,20,4,0.03,4095,115,116,12.5,
2,21,4,0.03,115,209,94,12.5,
2,22,4,0.03,209,301,92,12.5,
2,23,4,0.03,301,383,82,12.5,
2,24,4,0.03,383,479,96,12.5,
2,25,4,0.03,479,551,72,12.5,
2,26,4,0.03,551,619,68,12.5,
2,27,4,0.03,619,678,59,12.5,
2,28,4,0.03,678,707,29,12.5,
2,29,4,0.03,707,744,37,12.5,
2,30,4,0.03,744,798,54,12.5,
2,31,4,0.03,798,842,44,12.5,
2,32,4,0.03,842,886,44,12.5,
2,33,4,0.03,886,956,70,12.5,
2,34,4,0.03,956,1023,67,12.5,
2,35,4,0.03,1023,1070,47,12.5,
2,36,4,0.03,1070,1130,60,12.5,
2,37,4,0.03,1130,1181,51,12.5,
2,38,4,0.03,1181,1212,31,12.5,
2,39,4,0.03,1212,1251,39,12.5,
2,40,4,0.03,1251,1304,53,12.5,
2,41,4,0.03,1304,1354,50,12.5,
2,42,4,0.03,1354,1403,49,12.5,
2,43,4,0.03,1403,1458,55,12.5,
2,44,4,0.03,1458,1507,49,12.5,
2,45,4,0.03,1507,1550,43,12.5,
2,46,4,0.03,1550,1593,43,12.5,
2,47,4,0.03,1593,1625,32,12.5,
2,48,4,0.03,1625,1682,57,12.5,
2,49,4,0.03,1682,1739,57,12.5,
2,50,4,0.03,1739,1783,44,12.5,
2,51,4,0.03,1784,1844,60,12.5,
2,52,4,0.03,1844,1905,61,12.5,
2,53,4,0.03,1905,1970,65,12.5,
2,54,4,0.03,1970,2019,49,12.5,
2,55,4,0.03,2019,2070,51,12.5,
2,56,4,0.03,2070,2128,58,12.5,
2,57,4,0.03,2128,2190,62,12.5,
2,58,4,0.03,2190,2268,78,12.5,
2,59,4,0.03,2269,2329,60,12.5,
2,60,4,0.03,2329,2414,85,12.5,
2,61,4,0.03,2413,2490,77,12.5,
2,62,4,0.03,2490,2558,68,12.5,
2,63,4,0.03,2558,2610,52,12.5,
2,64,4,0.03,2610,2683,73,12.5,
2,65,4,0.03,2683,2741,58,12.5,
2,66,4,0.03,2741,2823,82,12.5,
2,67,4,0.03,2822,2916,94,12.5,
2,68,4,0.03,2916,2972,56,12.5,
2,69,4,0.03,2972,3056,84,12.5,
2,70,4,0.03,3056,3158,102,12.5,
2,71,4,0.03,3158,3266,108,12.5,
2,72,4,0.03,3266,3392,126,12.5,
2,73,4,0.03,3392,3517,125,12.5,
2,74,4,0.03,3517,3625,108,12.5,
2,75,4,0.03,3625,3728,103,12.5,
2,76,4,0.03,3728,3851,123,12.5,
2,77,4,0.03,3851,3958,107,12.5,
2,78,4,0.03,3958,4071,113,12.5,
2,79,4,0.03,4071,87,112,12.5,
2,80,4,0.03,87,162,75,12.5,
2,81,4,0.03,162,255,93,12.5,
2,82,4,0.03,255,348,93,12.5,
2,83,4,0.03,348,441,93,12.5,
2,84,4,0.03,441,519,78,12.5,
2,85,4,0.03,519,578,59,12.5,
2,86,4,0.03,577,635,58,12.5,
2,87,4,0.03,635,682,47,12.5,
2,88,4,0.03,682,721,39,12.5,
2,89,4,0.03,721,758,37,12.5,
2,90,4,0.03,758,805,47,12.5,
2,91,4,0.03,805,863,58,12.5,
2,92,4,0.03,863,925,62,12.5,
2,93,4,0.03,925,984,59,12.5,
2,94,4,0.03,984,1045,61,12.5,
2,95,4,0.03,1045,1087,42,12.5,
2,96,4,0.03,1087,1119,32,12.5,
2,97,4,0.03,1120,1163,43,12.5,
2,98,4,0.03,1163,1200,37,12.5,
2,99,4,0.03,1200,1242,42,12.5,
2,100,4,0.03,1242,1281,39,12.5,
2,101,4,0.03,1281,1316,35,12.5,
2,102,4,0.03,1316,1364,48,12.5,
2,103,4,0.03,1364,1413,49,12.5,
2,104,4,0.03,1413,1452,39,12.5,
2,105,4,0.03,1452,1490,38,12.5,
2,106,4,0.03,1489,1540,51,12.5,
2,107,4,0.03,1540,1588,48,12.5,
2,108,4,0.03,1588,1619,31,12.5,
2,109,4,0.03,1619,1673,54,12.5,
2,110,4,0.03,1673,1744,71,12.5,
2,111,4,0.03,1744,1810,66,12.5,
2,112,4,0.03,1810,1873,63,12.5,
2,113,4,0.03,1873,1928,55,12.5,
2,114,4,0.03,1928,1985,57,12.5,
2,115,4,0.03,1985,2042,57,12.5,
2,116,4,0.03,2042,2086,44,12.5,
2,117,4,0.03,2086,2142,56,12.5,
2,118,4,0.03,2142,2192,50,12.5,
2,119,4,0.03,2192,2259,67,12.5,
2,120,4,0.03,2259,2331,72,12.5,
2,121,4,0.03,2331,2409,78,12.5,
2,122,4,0.03,2409,2479,70,12.5,
2,123,4,0.03,2479,2547,68,12.5,
2,124,4,0.03,2547,2601,54,12.5,
2,125,4,0.03,2602,2679,77,12.5,
2,126,4,0.03,2679,2747,68,12.5,
2,127,4,0.03,2747,2747,0,12.5,
2,129,4,0.03,2918,3003,85,12.5,
2,130,4,0.03,3003,3085,82,12.5,
2,131,4,0.03,3085,3184,99,12.5,
2,132,4,0.03,3184,3288,104,12.5,
2,133,4,0.03,3288,3411,123,12.5,
2,134,4,0.03,3411,3538,127,12.5,
2,135,4,0.03,3538,3645,107,12.5,
2,136,4,0.03,3645,3750,105,12.5,
2,137,4,0.03,3750,3882,132,12.5,
2,138,4,0.03,3882,4011,129,12.5,
2,139,4,0.03,4011,20,105,12.5,
2,140,4,0.03,20,127,107,12.5,
2,141,4,0.03,127,211,84,12.5,
2,142,4,0.03,211,289,78,12.5,
2,143,4,0.03,289,385,96,12.5,
2,144,4,0.03,386,469,83,12.5,
2,145,4,0.03,469,540,71,12.5,
2,146,4,0.03,540,614,74,12.5,
2,147,4,0.03,614,683,69,12.5,
2,148,4,0.03,683,725,42,12.5,
2,149,4,0.03,725,767,42,12.5,
2,150,4,0.03,767,800,33,12.5,
2,151,4,0.03,800,855,55,12.5,
2,152,4,0.03,855,855,0,12.5,
2,153,4,0.03,855,974,119,12.5,
2,154,4,0.03,974,1034,60,12.5,
2,155,4,0.03,1034,1073,39,12.5,
2,156,4,0.03,1073,1114,41,12.5,
2,157,4,0.03,1114,1164,50,12.5,
2,158,4,0.03,1164,1208,44,12.5,
2,159,4,0.03,1208,1239,31,12.5,
2,160,4,0.03,1238,1270,32,12.5,
2,161,4,0.03,1270,1303,33,12.5,
2,162,4,0.03,1303,1373,70,12.5,
2,163,4,0.03,1373,1431,58,12.5,
2,164,4,0.03,1431,1477,46,12.5,
2,165,4,0.03,1477,1513,36,12.5,
2,166,4,0.03,1512,1570,58,12.5,
2,167,4,0.03,1570,1605,35,12.5,
2,168,4,0.03,1605,1651,46,12.5,
2,169,4,0.03,1651,1695,44,12.5,
2,170,4,0.03,1695,1745,50,12.5,
2,171,4,0.03,1745,1814,69,12.5,
2,172,4,0.03,1814,1814,0,12.5,
2,173,4,0.03,1814,1920,106,12.5,
2,174,4,0.03,1920,1965,45,12.5,
2,175,4,0.03,1965,2019,54,12.5,
2,176,4,0.03,2019,2073,54,12.5,
2,177,4,0.03,2073,2104,31,12.5,
2,178,4,0.03,2105,2160,55,12.5,
2,179,4,0.03,2160,2220,60,12.5,
2,180,4,0.03,2220,2289,69,12.5,
2,181,4,0.03,2289,2377,88,12.5,
2,182,4,0.03,2377,2460,83,12.5,
2,183,4,0.03,2460,2530,70,12.5,
2,184,4,0.03,2530,2584,54,12.5,
2,185,4,0.03,2584,2640,56,12.5,
2,186,4,0.03,2640,2702,62,12.5,
2,187,4,0.03,2702,2780,78,12.5,
2,188,4,0.03,2780,2859,79,12.5,
2,189,4,0.03,2859,2950,91,12.5,
2,190,4,0.03,2950,3033,83,12.5,
2,191,4,0.03,3033,3131,98,12.5,
2,192,4,0.03,3131,3248,117,12.5,
2,193,4,0.03,3248,3367,119,12.5,
2,194,4,0.03,3367,3510,143,12.5,
2,195,4,0.03,3510,3631,121,12.5,
2,196,4,0.03,3631,3739,108,12.5,
2,197,4,0.03,3739,3859,120,12.5,
2,198,4,0.03,3858,3981,123,12.5,
2,199,4,0.03,3981,4092,111,12.5,
2,0,5,0.03,4092,284,288,12.5,
2,1,5,0.03,284,545,261,12.5,
2,2,5,0.03,545,735,190,12.5,
2,3,5,0.03,735,919,184,12.5,
2,4,5,0.03,919,1104,185,12.5,
2,5,5,0.03,1104,1259,155,12.5,
2,6,5,0.03,1259,1436,177,12.5,
2,7,5,0.03,1436,1636,200,12.5,
2,8,5,0.03,1636,1840,204,12.5,
2,9,5,0.03,1840,2046,206,12.5,
2,10,5,0.03,2046,2239,193,12.5,
2,11,5,0.03,2239,2413,174,12.5,
2,12,5,0.03,2413,2637,224,12.5,
2,13,5,0.03,2637,2854,217,12.5,
2,14,5,0.03,2854,3107,253,12.5,
2,15,5,0.03,3107,3410,303,12.5,
2,16,5,0.03,3411,3745,334,12.5,
2,17,5,0.03,3744,4085,341,12.5,
2,18,5,0.03,4085,267,278,12.5,
2,19,5,0.03,267,524,257,12.5,
2,20,5,0.03,524,730,206,12.5,
2,21,5,0.03,730,890,160,12.5,
2,22,5,0.03,890,1085,195,12.5,
2,23,5,0.03,1085,1246,161,12.5,
2,24,5,0.03,1245,1439,194,12.5,
2,25,5,0.03,1439,1627,188,12.5,
2,26,5,0.03,1627,1835,208,12.5,
2,27,5,0.03,1835,2030,195,12.5,
2,28,5,0.03,2029,2212,183,12.5,
2,29,5,0.03,2212,2445,233,12.5,
2,30,5,0.03,2445,2657,212,12.5,
2,31,5,0.03,2657,2875,218,12.5,
2,32,5,0.03,2875,3131,256,12.5,
2,33,5,0.03,3131,3470,339,12.5,
2,36,5,0.03,50,328,278,12.5,
2,37,5,0.03,328,582,254,12.5,
2,38,5,0.03,582,752,170,12.5,
2,39,5,0.03,752,930,178,12.5,
2,40,5,0.03,930,1114,184,12.5,
2,41,5,0.03,1114,1279,165,12.5,
2,42,5,0.03,1279,1466,187,12.5,
2,43,5,0.03,1466,1655,189,12.5,
2,44,5,0.03,1655,1863,208,12.5,
2,45,5,0.03,1863,2077,214,12.5,
2,46,5,0.03,2077,2268,191,12.5,
2,47,5,0.03,2268,2483,215,12.5,
2,48,5,0.03,2483,2673,190,12.5,
2,49,5,0.03,2673,2908,235,12.5,
2,50,5,0.03,2908,3182,274,12.5,
2,51,5,0.03,3182,3516,334,12.5,
2,52,5,0.03,3516,3869,353,12.5,
2,53,5,0.03,3869,100,327,12.5,
2,56,5,0.03,601,795,194,12.5,
2,57,5,0.03,795,981,186,12.5,
2,58,5,0.03,982,1154,172,12.5,
2,59,5,0.03,1154,1324,170,12.5,
2,60,5,0.03,1324,1527,203,12.5,
2,61,5,0.03,1527,1725,198,12.5,
2,62,5,0.03,1725,1930,205,12.5,
2,63,5,0.03,1930,2128,198,12.5,
2,64,5,0.03,2129,2329,200,12.5,
2,65,5,0.03,2329,2565,236,12.5,
2,66,5,0.03,2565,2774,209,12.5,
2,67,5,0.03,2774,3011,237,12.5,
2,68,5,0.03,3011,3332,321,12.5,
2,69,5,0.03,3332,3673,341,12.5,
2,70,5,0.03,3673,3995,322,12.5,
2,71,5,0.03,3995,180,281,12.5,
2,72,5,0.03,180,453,273,12.5,
2,73,5,0.03,453,652,199,12.5,
2,74,5,0.03,652,816,164,12.5,
2,75,5,0.03,816,992,176,12.5,
2,76,5,0.03,992,1167,175,12.5,
2,77,5,0.03,1166,1339,173,12.5,
2,78,5,0.03,1339,1519,180,12.5,
2,79,5,0.03,1519,1701,182,12.5,
2,80,5,0.03,1701,1903,202,12.5,
2,81,5,0.03,1904,2097,193,12.5,
2,82,5,0.03,2099,2299,200,12.5,
2,83,5,0.03,2299,2538,239,12.5,
2,84,5,0.03,2538,2732,194,12.5,
2,85,5,0.03,2732,2986,254,12.5,
2,86,5,0.03,2986,3286,300,12.5,
2,87,5,0.03,3286,3620,334,12.5,
2,88,5,0.03,3620,3930,310,12.5,
2,89,5,0.03,3930,129,295,12.5,
2,90,5,0.03,129,383,254,12.5,
2,91,5,0.03,383,622,239,12.5,
2,92,5,0.03,622,805,183,12.5,
2,93,5,0.03,806,985,179,12.5,
2,94,5,0.03,985,1149,164,12.5,
2,95,5,0.03,1150,1320,170,12.5,
2,96,5,0.03,1319,1505,186,12.5,
2,97,5,0.03,1505,1718,213,12.5,
2,98,5,0.03,1718,1922,204,12.5,
2,99,5,0.03,1922,2100,178,12.5,
2,100,5,0.03,2100,2282,182,12.5,
2,101,5,0.03,2282,2521,239,12.5,
2,102,5,0.03,2521,2734,213,12.5,
2,103,5,0.03,2734,2973,239,12.5,
2,104,5,0.03,2973,3255,282,12.5,
2,105,5,0.03,3255,3592,337,12.5,
2,106,5,0.03,3592,3902,310,12.5,
2,107,5,0.03,3902,102,296,12.5,
2,108,5,0.03,102,377,275,12.5,
2,109,5,0.03,377,616,239,12.5,
2,110,5,0.03,616,791,175,12.5,
2,111,5,0.03,791,974,183,12.5,
2,112,5,0.03,974,1151,177,12.5,
2,113,5,0.03,1151,1334,183,12.5,
2,114,5,0.03,1334,1525,191,12.5,
2,115,5,0.03,1525,1701,176,12.5,
2,116,5,0.03,1701,1913,212,12.5,
2,117,5,0.03,1913,2102,189,12.5,
2,118,5,0.03,2102,2308,206,12.5,
2,119,5,0.03,2308,2543,235,12.5,
2,120,5,0.03,2543,2721,178,12.5,
2,121,5,0.03,2721,2960,239,12.5,
2,122,5,0.03,2960,3269,309,12.5,
2,123,5,0.03,3269,3614,345,12.5,
2,124,5,0.03,3614,3927,313,12.5,
2,125,5,0.03,3927,139,308,12.5,
2,126,5,0.03,139,400,261,12.5,
2,127,5,0.03,400,622,222,12.5,
2,128,5,0.03,622,809,187,12.5,
2,129,5,0.03,809,994,185,12.5,
2,130,5,0.03,994,1170,176,12.5,
2,131,5,0.03,1170,1334,164,12.5,
2,132,5,0.03,1334,1517,183,12.5,
2,133,5,0.03,1517,1725,208,12.5,
2,134,5,0.03,1725,1947,222,12.5,
2,135,5,0.03,1947,2115,168,12.5,
2,136,5,0.03,2115,2334,219,12.5,
2,137,5,0.03,2334,2545,211,12.5,
2,138,5,0.03,2545,2756,211,12.5,
2,139,5,0.03,2756,3003,247,12.5,
2,140,5,0.03,3003,3292,289,12.5,
2,141,5,0.03,3292,3623,331,12.5,
2,142,5,0.03,3623,3952,329,12.5,
2,143,5,0.03,3952,150,294,12.5,
2,144,5,0.03,150,420,270,12.5,
2,145,5,0.03,420,644,224,12.5,
2,146,5,0.03,644,806,162,12.5,
2,147,5,0.03,806,978,172,12.5,
2,148,5,0.03,978,1160,182,12.5,
2,149,5,0.03,1161,1335,174,12.5,
2,150,5,0.03,1336,1525,189,12.5,
2,151,5,0.03,1525,1718,193,12.5,
2,152,5,0.03,1718,1916,198,12.5,
2,153,5,0.03,1916,2102,186,12.5,
2,154,5,0.03,2102,2296,194,12.5,
2,155,5,0.03,2295,2540,245,12.5,
2,156,5,0.03,2540,2728,188,12.5,
2,157,5,0.03,2728,2966,238,12.5,
2,158,5,0.03,2966,3257,291,12.5,
2,159,5,0.03,3257,3588,331,12.5,
2,160,5,0.03,3588,3890,302,12.5,
2,161,5,0.03,3890,123,329,12.5,
2,164,5,0.03,610,781,171,12.5,
2,165,5,0.03,781,982,201,12.5,
2,166,5,0.03,982,1161,179,12.5,
2,167,5,0.03,1161,1335,174,12.5,
2,168,5,0.03,1335,1528,193,12.5,
2,169,5,0.03,1528,1708,180,12.5,
2,170,5,0.03,1708,1918,210,12.5,
2,171,5,0.03,1918,2089,171,12.5,
2,172,5,0.03,2089,2282,193,12.5,
2,173,5,0.03,2282,2492,210,12.5,
2,174,5,0.03,2492,2696,204,12.5,
2,175,5,0.03,2696,2933,237,12.5,
2,176,5,0.03,2932,3204,272,12.5,
2,177,5,0.03,3204,3532,328,12.5,
2,178,5,0.03,3532,3863,331,12.5,
2,179,5,0.03,3863,77,310,12.5,
2,180,5,0.03,77,355,278,12.5,
2,181,5,0.03,355,610,255,12.5,
2,182,5,0.03,610,793,183,12.5,
2,183,5,0.03,793,977,184,12.5,
2,184,5,0.03,977,1150,173,12.5,
2,185,5,0.03,1150,1323,173,12.5,
2,186,5,0.03,1323,1493,170,12.5,
2,187,5,0.03,1493,1697,204,12.5,
2,188,5,0.03,1697,1884,187,12.5,
2,189,5,0.03,1884,2059,175,12.5,
2,190,5,0.03,2059,2256,197,12.5,
2,191,5,0.03,2256,2479,223,12.5,
2,192,5,0.03,2479,2687,208,12.5,
2,193,5,0.03,2687,2909,222,12.5,
2,194,5,0.03,2909,3158,249,12.5,
2,195,5,0.03,3158,3503,345,12.5,
2,196,5,0.03,3503,3802,299,12.5,
2,197,5,0.03,3802,11,305,12.5,
2,198,5,0.03,11,286,275,12.5,
2,199,5,0.03,286,541,255,12.5,
2,0,6,0.03,541,930,389,12.5,
2,1,6,0.03,930,1329,399,12.5,
2,2,6,0.03,1329,1746,417,12.5,
2,3,6,0.03,1746,2143,397,12.5,
2,4,6,0.03,2143,2593,450,12.5,
2,5,6,0.03,2593,3039,446,12.5,
2,6,6,0.03,3039,3660,621,12.5,
2,7,6,0.03,3660,207,643,12.5,
2,8,6,0.03,207,681,474,12.5,
2,9,6,0.03,681,1060,379,12.5,
2,10,6,0.03,1060,1435,375,12.5,
2,11,6,0.03,1435,1854,419,12.5,
2,12,6,0.03,1854,2245,391,12.5,
2,13,6,0.03,2245,2693,448,12.5,
2,14,6,0.03,2693,3166,473,12.5,
2,15,6,0.03,3166,3772,606,12.5,
2,16,6,0.03,3772,275,599,12.5,
2,17,6,0.03,275,739,464,12.5,
2,18,6,0.03,740,1096,356,12.5,
2,19,6,0.03,1096,1485,389,12.5,
2,20,6,0.03,1485,1912,427,12.5,
2,21,6,0.03,1912,2311,399,12.5,
2,22,6,0.03,2311,2749,438,12.5,
2,23,6,0.03,2749,3267,518,12.5,
2,24,6,0.03,3267,3931,664,12.5,
2,25,6,0.03,3931,406,571,12.5,
2,26,6,0.03,406,834,428,12.5,
2,27,6,0.03,834,1208,374,12.5,
2,28,6,0.03,1208,1579,371,12.5,
2,29,6,0.03,1579,1999,420,12.5,
2,30,6,0.03,1999,2412,413,12.5,
2,31,6,0.03,2412,2872,460,12.5,
2,32,6,0.03,2873,3439,566,12.5,
2,33,6,0.03,3439,4092,653,12.5,
2,34,6,0.03,4092,529,533,12.5,
2,35,6,0.03,529,911,382,12.5,
2,36,6,0.03,911,1292,381,12.5,
2,37,6,0.03,1292,1670,378,12.5,
2,38,6,0.03,1670,2076,406,12.5,
2,39,6,0.03,2076,2528,452,12.5,
2,40,6,0.03,2528,2965,437,12.5,
2,41,6,0.03,2965,3583,618,12.5,
2,42,6,0.03,3584,87,599,12.5,
2,43,6,0.03,87,585,498,12.5,
2,44,6,0.03,585,982,397,12.5,
2,47,6,0.03,1734,2142,408,12.5,
2,48,6,0.03,2142,2546,404,12.5,
2,49,6,0.03,2546,2989,443,12.5,
2,50,6,0.03,2989,3622,633,12.5,
2,51,6,0.03,3622,136,610,12.5,
2,52,6,0.03,136,640,504,12.5,
2,53,6,0.03,640,994,354,12.5,
2,54,6,0.03,994,1357,363,12.5,
2,55,6,0.03,1357,1749,392,12.5,
2,56,6,0.03,1749,2147,398,12.5,
2,57,6,0.03,2147,2583,436,12.5,
2,58,6,0.03,2583,3030,447,12.5,
2,59,6,0.03,3030,3655,625,12.5,
2,60,6,0.03,3655,137,578,12.5,
2,61,6,0.03,137,610,473,12.5,
2,62,6,0.03,610,977,367,12.5,
2,63,6,0.03,977,1340,363,12.5,
2,64,6,0.03,1340,1733,393,12.5,
2,65,6,0.03,1733,2142,409,12.5,
2,66,6,0.03,2142,2539,397,12.5,
2,67,6,0.03,2539,2979,440,12.5,
2,68,6,0.03,2979,3587,608,12.5,
2,69,6,0.03,3587,110,619,12.5,
2,70,6,0.03,110,599,489,12.5,
2,71,6,0.03,599,971,372,12.5,
2,72,6,0.03,971,1321,350,12.5,
2,73,6,0.03,1321,1717,396,12.5,
2,74,6,0.03,1717,2106,389,12.5,
2,75,6,0.03,2106,2525,419,12.5,
2,76,6,0.03,2525,2965,440,12.5,
2,77,6,0.03,2965,3580,615,12.5,
2,78,6,0.03,3580,71,587,12.5,
2,79,6,0.03,71,577,506,12.5,
2,80,6,0.03,577,942,365,12.5,
2,81,6,0.03,942,1316,374,12.5,
2,82,6,0.03,1316,1676,360,12.5,
2,83,6,0.03,1676,2095,419,12.5,
2,84,6,0.03,2095,2513,418,12.5,
2,85,6,0.03,2513,2920,407,12.5,
2,86,6,0.03,2920,3455,535,12.5,
2,87,6,0.03,3455,4,645,12.5,
2,88,6,0.03,4,510,506,12.5,
2,89,6,0.03,510,902,392,12.5,
2,90,6,0.03,902,1271,369,12.5,
2,91,6,0.03,1271,1668,397,12.5,
2,92,6,0.03,1668,2064,396,12.5,
2,93,6,0.03,2064,2480,416,12.5,
2,94,6,0.03,2480,2920,440,12.5,
2,95,6,0.03,2920,3509,589,12.5,
2,96,6,0.03,3510,28,614,12.5,
2,97,6,0.03,28,536,508,12.5,
2,98,6,0.03,536,905,369,12.5,
2,99,6,0.03,905,1284,379,12.5,
2,100,6,0.03,1284,1674,390,12.5,
2,101,6,0.03,1673,2079,406,12.5,
2,102,6,0.03,2079,2505,426,12.5,
2,103,6,0.03,2505,2947,442,12.5,
2,104,6,0.03,2947,3545,598,12.5,
2,105,6,0.03,3545,60,611,12.5,
2,106,6,0.03,61,570,509,12.5,
2,107,6,0.03,570,961,391,12.5,
2,108,6,0.03,961,1291,330,12.5,
2,109,6,0.03,1291,1685,394,12.5,
2,110,6,0.03,1685,2091,406,12.5,
2,111,6,0.03,2091,2508,417,12.5,
2,112,6,0.03,2508,2894,386,12.5,
2,113,6,0.03,2894,3453,559,12.5,
2,114,6,0.03,3453,4075,622,12.5,
2,115,6,0.03,4075,504,525,12.5,
2,116,6,0.03,505,887,382,12.5,
2,117,6,0.03,887,1261,374,12.5,
2,118,6,0.03,1261,1641,380,12.5,
2,119,6,0.03,1641,2044,403,12.5,
2,120,6,0.03,2044,2447,403,12.5,
2,121,6,0.03,2447,2859,412,12.5,
2,122,6,0.03,2859,3414,555,12.5,
2,123,6,0.03,3414,4030,616,12.5,
2,124,6,0.03,4030,461,527,12.5,
2,125,6,0.03,461,841,380,12.5,
2,126,6,0.03,841,1225,384,12.5,
2,127,6,0.03,1226,1597,371,12.5,
2,128,6,0.03,1597,2013,416,12.5,
2,129,6,0.03,2013,2400,387,12.5,
2,130,6,0.03,2400,2825,425,12.5,
2,131,6,0.03,2825,3349,524,12.5,
2,132,6,0.03,3349,3961,612,12.5,
2,133,6,0.03,3961,413,548,12.5,
2,134,6,0.03,413,824,411,12.5,
2,135,6,0.03,825,1202,377,12.5,
2,136,6,0.03,1203,1589,386,12.5,
2,137,6,0.03,1589,1984,395,12.5,
2,138,6,0.03,1984,2354,370,12.5,
2,139,6,0.03,2354,2780,426,12.5,
2,140,6,0.03,2780,3271,491,12.5,
2,141,6,0.03,3271,3888,617,12.5,
2,142,6,0.03,3888,362,570,12.5,
2,143,6,0.03,362,787,425,12.5,
2,144,6,0.03,788,1180,392,12.5,
2,145,6,0.03,1180,1542,362,12.5,
2,146,6,0.03,1542,1958,416,12.5,
2,147,6,0.03,1958,2299,341,12.5,
2,148,6,0.03,2299,2721,422,12.5,
2,149,6,0.03,2721,3201,480,12.5,
2,150,6,0.03,3201,3786,585,12.5,
2,151,6,0.03,3786,267,577,12.5,
2,152,6,0.03,267,717,450,12.5,
2,153,6,0.03,717,1044,327,12.5,
2,154,6,0.03,1044,1401,357,12.5,
2,155,6,0.03,1401,1818,417,12.5,
2,156,6,0.03,1818,2206,388,12.5,
2,157,6,0.03,2206,2653,447,12.5,
2,158,6,0.03,2653,3091,438,12.5,
2,159,6,0.03,3091,3722,631,12.5,
2,160,6,0.03,3722,209,583,12.5,
2,161,6,0.03,209,666,457,12.5,
2,162,6,0.03,666,1036,370,12.5,
2,163,6,0.03,1036,1405,369,12.5,
2,164,6,0.03,1405,1792,387,12.5,
2,165,6,0.03,1792,2189,397,12.5,
2,166,6,0.03,2189,2600,411,12.5,
2,167,6,0.03,2600,3016,416,12.5,
2,168,6,0.03,3016,3623,607,12.5,
2,169,6,0.03,3624,139,611,12.5,
2,170,6,0.03,139,614,475,12.5,
2,171,6,0.03,614,993,379,12.5,
2,172,6,0.03,993,1358,365,12.5,
2,173,6,0.03,1358,1730,372,12.5,
2,174,6,0.03,1730,2124,394,12.5,
2,175,6,0.03,2125,2547,422,12.5,
2,176,6,0.03,2546,2962,416,12.5,
2,177,6,0.03,2962,3547,585,12.5,
2,178,6,0.03,3547,48,597,12.5,
2,179,6,0.03,48,550,502,12.5,
2,180,6,0.03,550,931,381,12.5,
2,181,6,0.03,931,1312,381,12.5,
2,182,6,0.03,1312,1686,374,12.5,
2,183,6,0.03,1686,2078,392,12.5,
2,184,6,0.03,2078,2485,407,12.5,
2,185,6,0.03,2485,2903,418,12.5,
2,186,6,0.03,2903,3465,562,12.5,
2,187,6,0.03,3465,4082,617,12.5,
2,188,6,0.03,4082,481,495,12.5,
2,189,6,0.03,481,870,389,12.5,
2,190,6,0.03,870,1223,353,12.5,
2,191,6,0.03,1223,1600,377,12.5,
2,192,6,0.03,1600,2005,405,12.5,
2,193,6,0.03,2005,2403,398,12.5,
2,194,6,0.03,2403,2825,422,12.5,
2,195,6,0.03,2825,3340,515,12.5,
2,196,6,0.03,3340,3974,634,12.5,
2,197,6,0.03,3974,399,521,12.5,
2,198,6,0.03,399,800,401,12.5,
2,199,6,0.03,800,1162,362,12.5,
2,0,7,0.03,1162,1731,569,12.5,
2,1,7,0.03,1731,2306,575,12.5,
2,2,7,0.03,2306,2943,637,12.5,
2,3,7,0.03,2943,3855,912,12.5,
2,4,7,0.03,3855,549,790,12.5,
2,5,7,0.03,549,1126,577,12.5,
2,6,7,0.03,1126,1683,557,12.5,
2,7,7,0.03,1683,2301,618,12.5,
2,8,7,0.03,2301,2923,622,12.5,
2,9,7,0.03,2923,3760,837,12.5,
2,10,7,0.03,3761,431,766,12.5,
2,11,7,0.03,431,1014,583,12.5,
2,12,7,0.03,1014,1542,528,12.5,
2,15,7,0.03,2692,3433,741,12.5,
2,16,7,0.03,3433,217,880,12.5,
2,17,7,0.03,217,836,619,12.5,
2,18,7,0.03,836,1397,561,12.5,
2,19,7,0.03,1397,1945,548,12.5,
2,20,7,0.03,1945,2509,564,12.5,
2,21,7,0.03,2509,3131,622,12.5,
2,22,7,0.03,3131,4017,886,12.5,
2,23,7,0.03,4018,650,728,12.5,
2,24,7,0.03,650,1174,524,12.5,
2,25,7,0.03,1174,1722,548,12.5,
2,26,7,0.03,1722,2289,567,12.5,
2,27,7,0.03,2289,2926,637,12.5,
2,28,7,0.03,2926,3793,867,12.5,
2,29,7,0.03,3793,471,774,12.5,
2,30,7,0.03,471,1042,571,12.5,
2,31,7,0.03,1042,1580,538,12.5,
2,32,7,0.03,1580,2153,573,12.5,
2,33,7,0.03,2153,2752,599,12.5,
2,34,7,0.03,2752,3532,780,12.5,
2,35,7,0.03,3532,272,836,12.5,
2,36,7,0.03,272,866,594,12.5,
2,37,7,0.03,866,1418,552,12.5,
2,38,7,0.03,1418,1987,569,12.5,
2,39,7,0.03,1988,2582,594,12.5,
2,40,7,0.03,2582,3212,630,12.5,
2,41,7,0.03,3212,5,889,12.5,
2,42,7,0.03,5,697,692,12.5,
2,43,7,0.03,697,1210,513,12.5,
2,44,7,0.03,1210,1795,585,12.5,
2,45,7,0.03,1795,2380,585,12.5,
2,46,7,0.03,2380,2998,618,12.5,
2,47,7,0.03,2998,3862,864,12.5,
2,48,7,0.03,3862,532,766,12.5,
2,49,7,0.03,532,1082,550,12.5,
2,50,7,0.03,1082,1602,520,12.5,
2,51,7,0.03,1602,2156,554,12.5,
2,52,7,0.03,2156,2764,608,12.5,
2,53,7,0.03,2763,3545,782,12.5,
2,54,7,0.03,3545,260,811,12.5,
2,55,7,0.03,260,863,603,12.5,
2,58,7,0.03,1969,2567,598,12.5,
2,59,7,0.03,2567,3178,611,12.5,
2,60,7,0.03,3178,4059,881,12.5,
2,61,7,0.03,4059,658,695,12.5,
2,62,7,0.03,658,1148,490,12.5,
2,63,7,0.03,1147,1669,522,12.5,
2,64,7,0.03,1669,2248,579,12.5,
2,65,7,0.03,2248,2822,574,12.5,
2,66,7,0.03,2822,3605,783,12.5,
2,67,7,0.03,3605,299,790,12.5,
2,68,7,0.03,299,902,603,12.5,
2,69,7,0.03,903,1423,520,12.5,
2,70,7,0.03,1423,1981,558,12.5,
2,71,7,0.03,1981,2549,568,12.5,
2,72,7,0.03,2549,3132,583,12.5,
2,73,7,0.03,3132,4038,906,12.5,
2,74,7,0.03,4038,657,715,12.5,
2,75,7,0.03,657,1165,508,12.5,
2,76,7,0.03,1165,1684,519,12.5,
2,77,7,0.03,1684,2247,563,12.5,
2,78,7,0.03,2247,2839,592,12.5,
2,79,7,0.03,2839,3630,791,12.5,
2,80,7,0.03,3630,337,803,12.5,
2,81,7,0.03,337,922,585,12.5,
2,82,7,0.03,922,1462,540,12.5,
2,83,7,0.03,1462,2019,557,12.5,
2,84,7,0.03,2019,2574,555,12.5,
2,85,7,0.03,2574,3193,619,12.5,
2,86,7,0.03,3193,4080,887,12.5,
2,87,7,0.03,4080,664,680,12.5,
2,88,7,0.03,664,1169,505,12.5,
2,89,7,0.03,1169,1679,510,12.5,
2,90,7,0.03,1679,2246,567,12.5,
2,91,7,0.03,2246,2806,560,12.5,
2,92,7,0.03,2806,3579,773,12.5,
2,93,7,0.03,3579,284,801,12.5,
2,94,7,0.03,284,864,580,12.5,
2,95,7,0.03,864,1379,515,12.5,
2,96,7,0.03,1379,1940,561,12.5,
2,97,7,0.03,1940,2493,553,12.5,
2,98,7,0.03,2494,3106,612,12.5,
2,99,7,0.03,3106,4008,902,12.5,
2,100,7,0.03,4008,613,701,12.5,
2,101,7,0.03,613,1136,523,12.5,
2,102,7,0.03,1136,1667,531,12.5,
2,103,7,0.03,1667,2201,534,12.5,
2,104,7,0.03,2201,2783,582,12.5,
2,105,7,0.03,2782,3547,765,12.5,
2,106,7,0.03,3547,260,809,12.5,
2,107,7,0.03,260,852,592,12.5,
2,108,7,0.03,852,1358,506,12.5,
2,109,7,0.03,1358,1930,572,12.5,
2,110,7,0.03,1930,2494,564,12.5,
2,111,7,0.03,2494,3119,625,12.5,
2,112,7,0.03,3119,3978,859,12.5,
2,113,7,0.03,3978,571,689,12.5,
2,114,7,0.03,571,1113,542,12.5,
2,115,7,0.03,1113,1632,519,12.5,
2,116,7,0.03,1632,2191,559,12.5,
2,117,7,0.03,2191,2738,547,12.5,
2,118,7,0.03,2738,3423,685,12.5,
2,119,7,0.03,3423,156,829,12.5,
2,120,7,0.03,156,729,573,12.5,
2,121,7,0.03,729,1259,530,12.5,
2,122,7,0.03,1259,1791,532,12.5,
2,123,7,0.03,1791,2359,568,12.5,
2,124,7,0.03,2359,2972,613,12.5,
2,125,7,0.03,2972,3794,822,12.5,
2,126,7,0.03,3794,451,753,12.5,
2,127,7,0.03,451,1000,549,12.5,
2,128,7,0.03,1000,1515,515,12.5,
2,129,7,0.03,1515,2061,546,12.5,
2,130,7,0.03,2061,2626,565,12.5,
2,133,7,0.03,17,681,664,12.5,
2,134,7,0.03,681,1191,510,12.5,
2,135,7,0.03,1191,1696,505,12.5,
2,136,7,0.03,1696,2251,555,12.5,
2,137,7,0.03,2251,2825,574,12.5,
2,138,7,0.03,2825,3597,772,12.5,
2,139,7,0.03,3597,263,762,12.5,
2,140,7,0.03,263,872,609,12.5,
2,141,7,0.03,872,1397,525,12.5,
2,142,7,0.03,1397,1963,566,12.5,
2,144,7,0.03,1963,2488,525,12.5,
2,146,7,0.03,3907,521,710,12.5,
2,147,7,0.03,521,1044,523,12.5,
2,148,7,0.03,1044,1561,517,12.5,
2,149,7,0.03,1561,2085,524,12.5,
2,150,7,0.03,2085,2616,531,12.5,
2,151,7,0.03,2616,3263,647,12.5,
2,152,7,0.03,3263,27,860,12.5,
2,155,7,0.03,1180,1703,523,12.5,
2,156,7,0.03,1703,2235,532,12.5,
2,159,7,0.03,3544,238,790,12.5,
2,160,7,0.03,238,817,579,12.5,
2,161,7,0.03,817,1323,506,12.5,
2,162,7,0.03,1322,1841,519,12.5,
2,163,7,0.03,1841,2411,570,12.5,
2,164,7,0.03,2411,2936,525,12.5,
2,165,7,0.03,2936,3714,778,12.5,
2,166,7,0.03,3714,372,754,12.5,
2,167,7,0.03,372,937,565,12.5,
2,168,7,0.03,937,1440,503,12.5,
2,169,7,0.03,1440,1985,545,12.5,
2,170,7,0.03,1985,2536,551,12.5,
2,171,7,0.03,2536,3117,581,12.5,
2,172,7,0.03,3117,3977,860,12.5,
2,173,7,0.03,3977,567,686,12.5,
2,174,7,0.03,567,1068,501,12.5,
2,175,7,0.03,1068,1573,505,12.5,
2,176,7,0.03,1573,2091,518,12.5,
2,177,7,0.03,2091,2649,558,12.5,
2,178,7,0.03,2649,3261,612,12.5,
2,179,7,0.03,3261,4,839,12.5,
2,180,7,0.03,3,655,652,12.5,
2,181,7,0.03,655,1145,490,12.5,
2,182,7,0.03,1146,1667,521,12.5,
2,183,7,0.03,1667,2205,538,12.5,
2,184,7,0.03,2205,2786,581,12.5,
2,185,7,0.03,2786,3528,742,12.5,
2,186,7,0.03,3528,244,812,12.5,
2,187,7,0.03,244,828,584,12.5,
2,188,7,0.03,828,1349,521,12.5,
2,189,7,0.03,1349,1876,527,12.5,
2,190,7,0.03,1876,2418,542,12.5,
2,191,7,0.03,2418,2978,560,12.5,
2,192,7,0.03,2978,3800,822,12.5,
2,193,7,0.03,3800,380,676,12.5,
2,194,7,0.03,380,857,477,12.5,
2,195,7,0.03,857,1348,491,12.5,
2,196,7,0.03,1348,1864,516,12.5,
2,197,7,0.03,1864,2397,533,12.5,
2,198,7,0.03,2397,2963,566,12.5,
2,199,7,0.03,2963,3775,812,12.5,
2,0,8,0.03,3775,603,924,12.5,
2,1,8,0.03,603,1219,616,12.5,
2,2,8,0.03,1219,1885,666,12.5,
2,3,8,0.03,1885,2528,643,12.5,
2,4,8,0.03,2528,3248,720,12.5,
2,5,8,0.03,3248,215,1063,12.5,
2,6,8,0.03,216,907,691,12.5,
2,7,8,0.03,907,1522,615,12.5,
2,8,8,0.03,1522,2132,610,12.5,
2,9,8,0.03,2132,2783,651,12.5,
2,10,8,0.03,2783,3683,900,12.5,
2,11,8,0.03,3683,541,954,12.5,
2,12,8,0.03,541,1182,641,12.5,
2,13,8,0.03,1182,1781,599,12.5,
2,14,8,0.03,1781,2390,609,12.5,
2,15,8,0.03,2390,3141,751,12.5,
2,16,8,0.03,3141,80,1035,12.5,
2,17,8,0.03,80,850,770,12.5,
2,18,8,0.03,850,1479,629,12.5,
2,19,8,0.03,1480,2059,579,12.5,
2,20,8,0.03,2059,2708,649,12.5,
2,21,8,0.03,2708,3601,893,12.5,
2,22,8,0.03,3601,429,924,12.5,
2,23,8,0.03,429,1089,660,12.5,
2,24,8,0.03,1089,1699,610,12.5,
2,25,8,0.03,1699,2367,668,12.5,
2,26,8,0.03,2367,3095,728,12.5,
2,27,8,0.03,3096,19,1019,12.5,
2,28,8,0.03,19,775,756,12.5,
2,29,8,0.03,775,1327,552,12.5,
2,32,8,0.03,2567,3308,741,12.5,
2,33,8,0.03,3308,224,1012,12.5,
2,34,8,0.03,224,902,678,12.5,
2,35,8,0.03,902,1510,608,12.5,
2,36,8,0.03,1510,2127,617,12.5,
2,37,8,0.03,2127,2720,593,12.5,
2,38,8,0.03,2720,3579,859,12.5,
2,39,8,0.03,3579,452,969,12.5,
2,40,8,0.03,452,1092,640,12.5,
2,41,8,0.03,1092,1703,611,12.5,
2,42,8,0.03,1703,2320,617,12.5,
2,43,8,0.03,2320,3035,715,12.5,
2,44,8,0.03,3035,4089,1054,12.5,
2,45,8,0.03,4089,770,777,12.5,
2,46,8,0.03,770,1383,613,12.5,
2,47,8,0.03,1382,1948,566,12.5,
2,48,8,0.03,1948,2544,596,12.5,
2,49,8,0.03,2544,3310,766,12.5,
2,50,8,0.03,3310,228,1014,12.5,
2,51,8,0.03,228,911,683,12.5,
2,52,8,0.03,911,1495,584,12.5,
2,53,8,0.03,1495,2076,581,12.5,
2,54,8,0.03,2077,2698,621,12.5,
2,55,8,0.03,2698,3545,847,12.5,
2,56,8,0.03,3545,375,926,12.5,
2,57,8,0.03,375,1030,655,12.5,
2,58,8,0.03,1030,1584,554,12.5,
2,59,8,0.03,1584,2151,567,12.5,
2,60,8,0.03,2151,2785,634,12.5,
2,61,8,0.03,2785,3676,891,12.5,
2,62,8,0.03,3678,488,906,12.5,
2,63,8,0.03,488,1141,653,12.5,
2,64,8,0.03,1141,1673,532,12.5,
2,65,8,0.03,1673,2280,607,12.5,
2,66,8,0.03,2280,2913,633,12.5,
2,67,8,0.03,2913,3845,932,12.5,
2,68,8,0.03,3845,596,847,12.5,
2,69,8,0.03,596,1180,584,12.5,
2,70,8,0.03,1180,1747,567,12.5,
2,71,8,0.03,1747,2350,603,12.5,
2,72,8,0.03,2350,3080,730,12.5,
2,73,8,0.03,3080,4095,1015,12.5,
2,74,8,0.03,4095,775,776,12.5,
2,75,8,0.03,775,1372,597,12.5,
2,76,8,0.03,1372,1991,619,12.5,
2,77,8,0.03,1991,2571,580,12.5,
2,78,8,0.03,2571,3324,753,12.5,
2,79,8,0.03,3324,232,1004,12.5,
2,80,8,0.03,232,920,688,12.5,
2,81,8,0.03,920,1539,619,12.5,
2,82,8,0.03,1539,2113,574,12.5,
2,83,8,0.03,2113,2720,607,12.5,
2,84,8,0.03,2720,3546,826,12.5,
2,85,8,0.03,3546,334,884,12.5,
2,86,8,0.03,334,1012,678,12.5,
2,87,8,0.03,1012,1570,558,12.5,
2,88,8,0.03,1570,2168,598,12.5,
2,89,8,0.03,2168,2788,620,12.5,
2,90,8,0.03,2788,3648,860,12.5,
2,91,8,0.03,3648,423,871,12.5,
2,92,8,0.03,423,1068,645,12.5,
2,93,8,0.03,1068,1664,596,12.5,
2,94,8,0.03,1664,2268,604,12.5,
2,95,8,0.03,2268,2963,695,12.5,
2,96,8,0.03,2963,3928,965,12.5,
2,97,8,0.03,3928,652,820,12.5,
2,98,8,0.03,652,1236,584,12.5,
2,99,8,0.03,1236,1845,609,12.5,
2,100,8,0.03,1845,2458,613,12.5,
2,101,8,0.03,2458,3167,709,12.5,
2,102,8,0.03,3167,62,991,12.5,
2,103,8,0.03,62,772,710,12.5,
2,104,8,0.03,771,1333,562,12.5,
2,105,8,0.03,1333,1963,630,12.5,
2,106,8,0.03,1963,2468,505,12.5,
2,107,8,0.03,2468,3119,651,12.5,
2,108,8,0.03,3120,48,1024,12.5,
2,109,8,0.03,48,787,739,12.5,
2,110,8,0.03,787,1380,593,12.5,
2,111,8,0.03,1379,1959,580,12.5,
2,112,8,0.03,1959,2540,581,12.5,
2,113,8,0.03,2540,3148,608,12.5,
2,114,8,0.03,3148,45,993,12.5,
2,115,8,0.03,45,787,742,12.5,
2,116,8,0.03,787,1345,558,12.5,
2,117,8,0.03,1345,1959,614,12.5,
2,118,8,0.03,1959,2534,575,12.5,
2,121,8,0.03,122,828,706,12.5,
2,122,8,0.03,828,1435,607,12.5,
2,123,8,0.03,1435,1997,562,12.5,
2,124,8,0.03,1997,2590,593,12.5,
2,125,8,0.03,2591,3263,672,12.5,
2,126,8,0.03,3263,185,1018,12.5,
2,127,8,0.03,185,836,651,12.5,
2,128,8,0.03,836,1406,570,12.5,
2,129,8,0.03,1407,2014,607,12.5,
2,130,8,0.03,2014,2588,574,12.5,
2,131,8,0.03,2588,3344,756,12.5,
2,132,8,0.03,3344,239,991,12.5,
2,133,8,0.03,239,909,670,12.5,
2,134,8,0.03,909,1501,592,12.5,
2,135,8,0.03,1501,2050,549,12.5,
2,136,8,0.03,2050,2652,602,12.5,
2,137,8,0.03,2652,3397,745,12.5,
2,138,8,0.03,3397,279,978,12.5,
2,139,8,0.03,279,922,643,12.5,
2,140,8,0.03,922,1520,598,12.5,
2,141,8,0.03,1520,2120,600,12.5,
2,142,8,0.03,2120,2774,654,12.5,
2,143,8,0.03,2774,3643,869,12.5,
2,144,8,0.03,3642,410,864,12.5,
2,145,8,0.03,410,1052,642,12.5,
2,146,8,0.03,1052,1660,608,12.5,
2,147,8,0.03,1660,2284,624,12.5,
2,148,8,0.03,2284,2986,702,12.5,
2,149,8,0.03,2986,3984,998,12.5,
2,150,8,0.03,3984,701,813,12.5,
2,153,8,0.03,1887,2481,594,12.5,
2,154,8,0.03,2481,3188,707,12.5,
2,155,8,0.03,3188,115,1023,12.5,
2,156,8,0.03,115,810,695,12.5,
2,157,8,0.03,810,1400,590,12.5,
2,158,8,0.03,1400,2037,637,12.5,
2,159,8,0.03,2037,2632,595,12.5,
2,160,8,0.03,2632,3382,750,12.5,
2,161,8,0.03,3382,277,991,12.5,
2,162,8,0.03,277,894,617,12.5,
2,163,8,0.03,894,1509,615,12.5,
2,164,8,0.03,1509,2043,534,12.5,
2,165,8,0.03,2045,2663,618,12.5,
2,166,8,0.03,2663,3427,764,12.5,
2,167,8,0.03,3427,313,982,12.5,
2,168,8,0.03,313,988,675,12.5,
2,169,8,0.03,988,1578,590,12.5,
2,170,8,0.03,1578,2129,551,12.5,
2,171,8,0.03,2129,2738,609,12.5,
2,172,8,0.03,2738,3616,878,12.5,
2,173,8,0.03,3616,403,883,12.5,
2,174,8,0.03,403,1033,630,12.5,
2,175,8,0.03,1033,1608,575,12.5,
2,176,8,0.03,1608,2156,548,12.5,
2,177,8,0.03,2156,2769,613,12.5,
2,178,8,0.03,2769,3631,862,12.5,
2,179,8,0.03,3631,453,918,12.5,
2,180,8,0.03,453,1069,616,12.5,
2,181,8,0.03,1069,1630,561,12.5,
2,182,8,0.03,1630,2221,591,12.5,
2,183,8,0.03,2221,2845,624,12.5,
2,184,8,0.03,2845,3759,914,12.5,
2,185,8,0.03,3759,525,862,12.5,
2,186,8,0.03,525,1125,600,12.5,
2,187,8,0.03,1125,1697,572,12.5,
2,188,8,0.03,1697,2278,581,12.5,
2,189,8,0.03,2278,2913,635,12.5,
2,190,8,0.03,2913,3804,891,12.5,
2,191,8,0.03,3804,556,848,12.5,
2,192,8,0.03,556,1145,589,12.5,
2,193,8,0.03,1145,1677,532,12.5,
2,194,8,0.03,1677,2311,634,12.5,
2,195,8,0.03,2310,2948,638,12.5,
2,196,8,0.03,2948,3933,985,12.5,
2,197,8,0.03,3933,655,818,12.5,
2,198,8,0.03,655,1195,540,12.5,
2,199,8,0.03,1195,1795,600,12.5,
2,0,9,0.03,1795,2451,656,12.5,
2,1,9,0.03,2451,3170,719,12.5,
2,3,9,0.03,263,983,720,12.5,
2,4,9,0.03,983,1556,573,12.5,
2,5,9,0.03,1556,2161,605,12.5,
2,6,9,0.03,2161,2836,675,12.5,
2,7,9,0.03,2836,3808,972,12.5,
2,8,9,0.03,3809,659,946,12.5,
2,9,9,0.03,659,1199,540,12.5,
2,10,9,0.03,1199,1837,638,12.5,
2,11,9,0.03,1837,2449,612,12.5,
2,12,9,0.03,2449,3188,739,12.5,
2,14,9,0.03,242,992,750,12.5,
2,15,9,0.03,992,1644,652,12.5,
2,16,9,0.03,1644,2269,625,12.5,
2,17,9,0.03,2269,2981,712,12.5,
2,18,9,0.03,2981,4030,1049,12.5,
2,19,9,0.03,4030,741,807,12.5,
2,20,9,0.03,741,1315,574,12.5,
2,21,9,0.03,1315,1974,659,12.5,
2,22,9,0.03,1974,2610,636,12.5,
2,23,9,0.03,2610,3469,859,12.5,
2,24,9,0.03,3469,457,1084,12.5,
2,25,9,0.03,457,1132,675,12.5,
2,26,9,0.03,1132,1740,608,12.5,
2,27,9,0.03,1740,2378,638,12.5,
2,28,9,0.03,2378,3116,738,12.5,
2,30,9,0.03,131,880,749,12.5,
2,31,9,0.03,880,1567,687,12.5,
2,32,9,0.03,1567,2177,610,12.5,
2,33,9,0.03,2177,2828,651,12.5,
2,34,9,0.03,2828,3852,1024,12.5,
2,35,9,0.03,3852,664,908,12.5,
2,36,9,0.03,664,1215,551,12.5,
2,37,9,0.03,1215,1836,621,12.5,
2,38,9,0.03,1836,2492,656,12.5,
2,39,9,0.03,2492,3191,699,12.5,
2,40,9,0.03,3191,197,1102,12.5,
2,41,9,0.03,197,914,717,12.5,
2,42,9,0.03,914,1574,660,12.5,
2,43,9,0.03,1574,2173,599,12.5,
2,44,9,0.03,2173,2858,685,12.5,
2,45,9,0.03,2858,3854,996,12.5,
2,46,9,0.03,3854,672,914,12.5,
2,47,9,0.03,673,1221,548,12.5,
2,48,9,0.03,1221,1885,664,12.5,
2,49,9,0.03,1885,2471,586,12.5,
2,50,9,0.03,2471,3213,742,12.5,
2,52,9,0.03,233,948,715,12.5,
2,53,9,0.03,948,1560,612,12.5,
2,54,9,0.03,1560,2170,610,12.5,
2,55,9,0.03,2170,2816,646,12.5,
2,56,9,0.03,2816,3776,960,12.5,
2,57,9,0.03,3775,592,913,12.5,
2,58,9,0.03,588,1148,560,12.5,
2,59,9,0.03,1148,1785,637,12.5,
2,60,9,0.03,1785,2409,624,12.5,
2,61,9,0.03,2409,3173,764,12.5,
2,63,9,0.03,208,904,696,12.5,
2,64,9,0.03,904,1539,635,12.5,
2,65,9,0.03,1539,2085,546,12.5,
2,66,9,0.03,2085,2635,550,12.5,
2,67,9,0.03,2635,3415,780,12.5,
2,68,9,0.03,3415,355,1036,12.5,
2,69,9,0.03,355,1070,715,12.5,
2,70,9,0.03,1070,1606,536,12.5,
2,71,9,0.03,1606,2140,534,12.5,
2,72,9,0.03,2141,2766,625,12.5,
2,73,9,0.03,2766,3659,893,12.5,
2,74,9,0.03,3659,532,969,12.5,
2,75,9,0.03,532,1132,600,12.5,
2,76,9,0.03,1132,1682,550,12.5,
2,77,9,0.03,1682,2278,596,12.5,
2,78,9,0.03,2278,2958,680,12.5,
2,79,9,0.03,2958,3950,992,12.5,
2,80,9,0.03,3950,723,869,12.5,
2,81,9,0.03,723,1256,533,12.5,
2,82,9,0.03,1256,1854,598,12.5,
2,83,9,0.03,1854,2500,646,12.5,
2,84,9,0.03,2500,3290,790,12.5,
2,86,9,0.03,311,1017,706,12.5,
2,87,9,0.03,1017,1616,599,12.5,
2,88,9,0.03,1616,2212,596,12.5,
2,89,9,0.03,2212,2913,701,12.5,
2,90,9,0.03,2913,3932,1019,12.5,
2,91,9,0.03,3932,707,871,12.5,
2,92,9,0.03,707,1256,549,12.5,
2,93,9,0.03,1256,1830,574,12.5,
2,94,9,0.03,1830,2428,598,12.5,
2,95,9,0.03,2428,3217,789,12.5,
2,96,9,0.03,3217,215,1094,12.5,
2,97,9,0.03,215,909,694,12.5,
2,98,9,0.03,909,1504,595,12.5,
2,99,9,0.03,1504,2056,552,12.5,
2,100,9,0.03,2056,2691,635,12.5,
2,101,9,0.03,2691,3489,798,12.5,
2,102,9,0.03,3489,388,995,12.5,
2,103,9,0.03,388,1021,633,12.5,
2,104,9,0.03,1021,1634,613,12.5,
2,105,9,0.03,1634,2260,626,12.5,
2,106,9,0.03,2260,2979,719,12.5,
2,107,9,0.03,2979,4024,1045,12.5,
2,108,9,0.03,4024,737,809,12.5,
2,109,9,0.03,737,1257,520,12.5,
2,110,9,0.03,1257,1867,610,12.5,
2,111,9,0.03,1867,2456,589,12.5,
2,112,9,0.03,2456,3206,750,12.5,
2,114,9,0.03,222,872,650,12.5,
2,115,9,0.03,872,1484,612,12.5,
2,118,9,0.03,2693,3524,831,12.5,
2,119,9,0.03,3524,479,1051,12.5,
2,120,9,0.03,479,1142,663,12.5,
2,121,9,0.03,1142,1662,520,12.5,
2,122,9,0.03,1662,2281,619,12.5,
2,123,9,0.03,2281,3004,723,12.5,
2,124,9,0.03,3004,4036,1032,12.5,
2,125,9,0.03,4035,751,812,12.5,
2,126,9,0.03,751,1285,534,12.5,
2,127,9,0.03,1285,1910,625,12.5,
2,128,9,0.03,1910,2536,626,12.5,
2,129,9,0.03,2536,3188,652,12.5,
2,130,9,0.03,3188,141,1049,12.5,
2,131,9,0.03,141,847,706,12.5,
2,132,9,0.03,847,1397,550,12.5,
2,133,9,0.03,1397,2019,622,12.5,
2,134,9,0.03,2019,2620,601,12.5,
2,135,9,0.03,2620,3399,779,12.5,
2,136,9,0.03,3399,355,1052,12.5,
2,137,9,0.03,356,1045,689,12.5,
2,138,9,0.03,1044,1596,552,12.5,
2,139,9,0.03,1596,2138,542,12.5,
2,140,9,0.03,2138,2819,681,12.5,
2,141,9,0.03,2819,3767,948,12.5,
2,142,9,0.03,3767,575,904,12.5,
2,143,9,0.03,575,1162,587,12.5,
2,144,9,0.03,1162,1679,517,12.5,
2,145,9,0.03,1679,2331,652,12.5,
2,146,9,0.03,2331,3002,671,12.5,
2,147,9,0.03,3002,3977,975,12.5,
2,148,9,0.03,3977,675,794,12.5,
2,149,9,0.03,675,1196,521,12.5,
2,150,9,0.03,1196,1750,554,12.5,
2,151,9,0.03,1750,2354,604,12.5,
2,152,9,0.03,2354,3111,757,12.5,
2,153,9,0.03,3111,66,1051,12.5,
2,154,9,0.03,66,825,759,12.5,
2,155,9,0.03,825,1409,584,12.5,
2,156,9,0.03,1408,1981,573,12.5,
2,157,9,0.03,1981,2573,592,12.5,
2,158,9,0.03,2573,3319,746,12.5,
2,159,9,0.03,3319,291,1068,12.5,
2,160,9,0.03,291,983,692,12.5,
2,161,9,0.03,983,1523,540,12.5,
2,162,9,0.03,1523,2051,528,12.5,
2,163,9,0.03,2051,2672,621,12.5,
2,164,9,0.03,2672,3385,713,12.5,
2,165,9,0.03,3384,304,1016,12.5,
2,166,9,0.03,304,982,678,12.5,
2,167,9,0.03,982,1579,597,12.5,
2,168,9,0.03,1579,2112,533,12.5,
2,169,9,0.03,2112,2776,664,12.5,
2,170,9,0.03,2776,3714,938,12.5,
2,171,9,0.03,3714,578,960,12.5,
2,172,9,0.03,578,1158,580,12.5,
2,173,9,0.03,1158,1704,546,12.5,
2,174,9,0.03,1704,2299,595,12.5,
2,175,9,0.03,2299,3017,718,12.5,
2,176,9,0.03,3017,4006,989,12.5,
2,177,9,0.03,4006,706,796,12.5,
2,178,9,0.03,706,1241,535,12.5,
2,179,9,0.03,1241,1813,572,12.5,
2,180,9,0.03,1813,2475,662,12.5,
2,182,9,0.03,2475,3177,702,12.5,
2,184,9,0.03,797,1343,546,12.5,
2,185,9,0.03,1343,1953,610,12.5,
2,186,9,0.03,1953,2502,549,12.5,
2,187,9,0.03,2503,3215,712,12.5,
2,188,9,0.03,3214,178,1060,12.5,
2,189,9,0.03,178,876,698,12.5,
2,190,9,0.03,876,1478,602,12.5,
2,191,9,0.03,1478,2040,562,12.5,
2,192,9,0.03,2040,2640,600,12.5,
2,193,9,0.03,2640,3405,765,12.5,
2,194,9,0.03,3405,334,1025,12.5,
2,195,9,0.03,334,1007,673,12.5,
2,196,9,0.03,1007,1557,550,12.5,
2,197,9,0.03,1557,2105,548,12.5,
2,198,9,0.03,2105,2695,590,12.5,
2,199,9,0.03,2695,3426,731,12.5,
2,0,10,0.03,3426,439,1109,12.5,
2,1,10,0.03,439,1126,687,12.5,
2,2,10,0.03,1126,1725,599,12.5,
2,3,10,0.03,1725,2356,631,12.5,
2,4,10,0.03,2356,3124,768,12.5,
2,5,10,0.03,3124,203,1175,12.5,
2,6,10,0.03,203,891,688,12.5,
2,7,10,0.03,891,1542,651,12.5,
2,8,10,0.03,1542,2102,560,12.5,
2,9,10,0.03,2102,2735,633,12.5,
2,10,10,0.03,2734,3597,863,12.5,
2,11,10,0.03,3597,541,1040,12.5,
2,12,10,0.03,541,1120,579,12.5,
2,13,10,0.03,1120,1717,597,12.5,
2,14,10,0.03,1717,2334,617,12.5,
2,15,10,0.03,2334,3151,817,12.5,
2,16,10,0.03,3151,271,1216,12.5,
2,17,10,0.03,271,934,663,12.5,
2,18,10,0.03,934,1576,642,12.5,
2,19,10,0.03,1576,2100,524,12.5,
2,20,10,0.03,2100,2732,632,12.5,
2,21,10,0.03,2732,3641,909,12.5,
2,22,10,0.03,3641,537,992,12.5,
2,24,10,0.03,537,1661,1124,12.5,
2,25,10,0.03,1661,2285,624,12.5,
2,26,10,0.03,2285,3057,772,12.5,
2,27,10,0.03,3057,18,1057,12.5,
2,28,10,0.03,18,879,861,12.5,
2,29,10,0.03,879,1505,626,12.5,
2,30,10,0.03,1505,2074,569,12.5,
2,31,10,0.03,2074,2683,609,12.5,
2,32,10,0.03,2683,3443,760,12.5,
2,33,10,0.03,3443,376,1029,12.5,
2,34,10,0.03,376,1070,694,12.5,
2,35,10,0.03,1070,1623,553,12.5,
2,36,10,0.03,1623,2239,616,12.5,
2,37,10,0.03,2239,2902,663,12.5,
2,38,10,0.03,2902,3809,907,12.5,
2,39,10,0.03,3809,639,926,12.5,
2,40,10,0.03,639,1183,544,12.5,
2,41,10,0.03,1183,1772,589,12.5,
2,42,10,0.03,1772,2377,605,12.5,
2,43,10,0.03,2377,3083,706,12.5,
2,44,10,0.03,3083,67,1080,12.5,
2,45,10,0.03,67,837,770,12.5,
2,46,10,0.03,837,1426,589,12.5,
2,47,10,0.03,1426,1972,546,12.5,
2,48,10,0.03,1972,2609,637,12.5,
2,49,10,0.03,2609,3417,808,12.5,
2,50,10,0.03,3417,471,1150,12.5,
2,51,10,0.03,471,1150,679,12.5,
2,52,10,0.03,1150,1743,593,12.5,
2,53,10,0.03,1743,2360,617,12.5,
2,54,10,0.03,2360,3132,772,12.5,
2,55,10,0.03,3132,201,1165,12.5,
2,56,10,0.03,201,890,689,12.5,
2,57,10,0.03,890,1529,639,12.5,
2,58,10,0.03,1529,2065,536,12.5,
2,59,10,0.03,2065,2622,557,12.5,
2,60,10,0.03,2622,3380,758,12.5,
2,61,10,0.03,3380,384,1100,12.5,
2,62,10,0.03,384,1116,732,12.5,
2,63,10,0.03,1116,1680,564,12.5,
2,64,10,0.03,1680,2280,600,12.5,
2,65,10,0.03,2280,3067,787,12.5,
2,66,10,0.03,3067,99,1128,12.5,
2,67,10,0.03,99,860,761,12.5,
2,68,10,0.03,860,1527,667,12.5,
2,69,10,0.03,1527,2058,531,12.5,
2,70,10,0.03,2058,2655,597,12.5,
2,71,10,0.03,2655,3317,662,12.5,
2,72,10,0.03,3317,332,1111,12.5,
2,73,10,0.03,332,1070,738,12.5,
2,74,10,0.03,1071,1574,503,12.5,
2,75,10,0.03,1574,2112,538,12.5,
2,76,10,0.03,2112,2728,616,12.5,
2,77,10,0.03,2729,3616,887,12.5,
2,78,10,0.03,3616,472,952,12.5,
2,79,10,0.03,472,1141,669,12.5,
2,80,10,0.03,1141,1712,571,12.5,
2,81,10,0.03,1712,2369,657,12.5,
2,82,10,0.03,2369,3080,711,12.5,
2,83,10,0.03,3080,57,1073,12.5,
2,84,10,0.03,57,794,737,12.5,
2,86,10,0.03,794,1897,1103,12.5,
2,87,10,0.03,1897,2449,552,12.5,
2,88,10,0.03,2449,3071,622,12.5,
2,89,10,0.03,3071,40,1065,12.5,
2,92,10,0.03,1374,1906,532,12.5,
2,93,10,0.03,1906,2523,617,12.5,
2,94,10,0.03,2523,3166,643,12.5,
2,95,10,0.03,3166,198,1128,12.5,
2,96,10,0.03,197,842,645,12.5,
2,97,10,0.03,842,1362,520,12.5,
2,98,10,0.03,1362,1909,547,12.5,
2,99,10,0.03,1909,2497,588,12.5,
2,100,10,0.03,2497,3257,760,12.5,
2,101,10,0.03,3257,248,1087,12.5,
2,102,10,0.03,248,919,671,12.5,
2,103,10,0.03,919,1524,605,12.5,
2,104,10,0.03,1524,2067,543,12.5,
2,105,10,0.03,2067,2667,600,12.5,
2,106,10,0.03,2667,3510,843,12.5,
2,107,10,0.03,3510,383,969,12.5,
2,108,10,0.03,383,1019,636,12.5,
2,109,10,0.03,1019,1520,501,12.5,
2,110,10,0.03,1520,2057,537,12.5,
2,111,10,0.03,2056,2582,526,12.5,
2,112,10,0.03,2582,3315,733,12.5,
2,113,10,0.03,3315,303,1084,12.5,
2,114,10,0.03,303,1019,716,12.5,
2,115,10,0.03,1019,1583,564,12.5,
2,116,10,0.03,1583,2093,510,12.5,
2,117,10,0.03,2093,2689,596,12.5,
2,118,10,0.03,2689,3499,810,12.5,
2,119,10,0.03,3499,381,978,12.5,
2,120,10,0.03,381,1060,679,12.5,
2,121,10,0.03,1060,1552,492,12.5,
2,122,10,0.03,1553,2099,546,12.5,
2,123,10,0.03,2099,2678,579,12.5,
2,124,10,0.03,2678,3481,803,12.5,
2,125,10,0.03,3481,371,986,12.5,
2,126,10,0.03,371,1075,704,12.5,
2,127,10,0.03,1075,1574,499,12.5,
2,128,10,0.03,1574,2091,517,12.5,
2,129,10,0.03,2091,2691,600,12.5,
2,130,10,0.03,2691,3484,793,12.5,
2,131,10,0.03,3484,395,1007,12.5,
2,132,10,0.03,395,1091,696,12.5,
2,133,10,0.03,1091,1674,583,12.5,
2,134,10,0.03,1674,2260,586,12.5,
2,135,10,0.03,2260,2938,678,12.5,
2,136,10,0.03,2938,3919,981,12.5,
2,137,10,0.03,3919,726,903,12.5,
2,138,10,0.03,726,1210,484,12.5,
2,139,10,0.03,1210,1712,502,12.5,
2,140,10,0.03,1712,2332,620,12.5,
2,141,10,0.03,2332,3124,792,12.5,
2,142,10,0.03,3124,183,1155,12.5,
2,145,10,0.03,1497,2013,516,12.5,
2,146,10,0.03,2013,2617,604,12.5,
2,147,10,0.03,2617,3322,705,12.5,
2,148,10,0.03,3321,341,1116,12.5,
2,150,10,0.03,340,1598,1258,12.5,
2,151,10,0.03,1598,2205,607,12.5,
2,152,10,0.03,2205,2845,640,12.5,
2,153,10,0.03,2845,3774,929,12.5,
2,154,10,0.03,3774,670,992,12.5,
2,155,10,0.03,670,1196,526,12.5,
2,156,10,0.03,1196,1758,562,12.5,
2,157,10,0.03,1758,2324,566,12.5,
2,158,10,0.03,2324,3039,715,12.5,
2,159,10,0.03,3039,65,1122,12.5,
2,160,10,0.03,65,835,770,12.5,
2,161,10,0.03,836,1472,636,12.5,
2,162,10,0.03,1472,1950,478,12.5,
2,163,10,0.03,1950,2516,566,12.5,
2,164,10,0.03,2516,3212,696,12.5,
2,165,10,0.03,3212,260,1144,12.5,
2,166,10,0.03,260,997,737,12.5,
2,167,10,0.03,997,1551,554,12.5,
2,168,10,0.03,1551,2082,531,12.5,
2,169,10,0.03,2082,2668,586,12.5,
2,170,10,0.03,2669,3291,622,12.5,
2,171,10,0.03,3291,414,1219,12.5,
2,172,10,0.03,414,1082,668,12.5,
2,173,10,0.03,1082,1646,564,12.5,
2,174,10,0.03,1646,2172,526,12.5,
2,175,10,0.03,2172,2777,605,12.5,
2,176,10,0.03,2777,3710,933,12.5,
2,177,10,0.03,3710,624,1010,12.5,
2,178,10,0.03,625,1192,567,12.5,
2,179,10,0.03,1192,1721,529,12.5,
2,180,10,0.03,1721,2271,550,12.5,
2,181,10,0.03,2271,2993,722,12.5,
2,182,10,0.03,2993,4040,1047,12.5,
2,183,10,0.03,4040,796,852,12.5,
2,184,10,0.03,796,1353,557,12.5,
2,185,10,0.03,1353,1930,577,12.5,
2,188,10,0.03,3223,277,1150,12.5,
2,189,10,0.03,277,961,684,12.5,
2,190,10,0.03,961,1561,600,12.5,
2,191,10,0.03,1561,2096,535,12.5,
2,192,10,0.03,2096,2678,582,12.5,
2,193,10,0.03,2678,3452,774,12.5,
2,194,10,0.03,3452,465,1109,12.5,
2,195,10,0.03,465,1095,630,12.5,
2,196,10,0.03,1095,1642,547,12.5,
2,197,10,0.03,1642,2191,549,12.5,
2,198,10,0.03,2191,2838,647,12.5,
2,199,10,0.03,2838,3816,978,12.5,
